
- Starting train <--- 
	 ------ Epoch: 1 ------ 

- Starting train <--- 
	 ------ Epoch: 1 ------ 

- Starting train <--- 
	 ------ Epoch: 1 ------ 

- Starting train <--- 
	 ------ Epoch: 1 ------ 

- Starting train <--- 
	 ------ Epoch: 1 ------ 

- Starting train <--- 
	 ------ Epoch: 1 ------ 

- Starting train <--- 
	 ------ Epoch: 1 ------ 

- Starting train <--- 
	 ------ Epoch: 1 ------ 

- Starting train <--- 
	 ------ Epoch: 1 ------ 

- Starting train <--- 
	 ------ Epoch: 1 ------ 

- Starting train <--- 
	 ------ Epoch: 1 ------ 

- Starting train <--- 
	 ------ Epoch: 1 ------ 

- Starting train <--- 
	 ------ Epoch: 1 ------ 
----------------- Epoch scores summary ------------------------- 
[epoch 1], [val loss 2.39455], [acc 9.72], [mean_IoU 4.20] 
---------------------------------------------------------------- 
	 Epoch step finished: 62s 
  9.83  13.02   7.48  11.77   7.29  11.71   8.18   7.82   8.93   7.38   6.59 
  8.45  13.23   7.15  12.03   7.17  11.78   8.34   7.73   9.12   7.59   7.41 
  8.04  12.44   7.46  12.02   6.70  12.65   8.43   8.09   9.16   7.52   7.48 
 10.11  12.15   7.13  14.17   7.40  11.07   6.03   7.71   9.60   7.08   7.57 
 10.26  12.27   7.40  12.76   7.92   9.45   7.61   8.30   9.01   7.61   7.41 
  9.23  12.91   7.34  12.01   6.89  12.16   7.58   7.99   9.07   7.54   7.27 
  8.72  13.67   7.13  12.27   6.79  11.90   8.66   7.63   8.82   7.56   6.84 
  8.59  13.00   7.47  12.03   6.60  11.86   8.17   8.06   9.27   7.81   7.13 
  8.62  13.15   7.84  12.47   6.83  11.29   7.98   7.61   9.53   7.83   6.83 
  8.74  13.17   7.77  10.13   7.18  12.84   8.60   7.67   8.51   8.24   7.13 
  9.10  12.90   7.53  10.57   7.47  12.46   8.20   7.93   8.54   7.68   7.62 
	 ------ Epoch: 2 ------ 
----------------- Epoch scores summary ------------------------- 
[epoch 2], [val loss 1.32471], [acc 22.86], [mean_IoU 14.54] 
---------------------------------------------------------------- 
	 Epoch step finished: 63s 
 63.36  36.55   0.00   0.10   0.00   0.00   0.00   0.00   0.00   0.00   0.00 
  3.72  96.05   0.00   0.09   0.01   0.11   0.00   0.00   0.02   0.00   0.00 
  0.67  98.71   0.01   0.14   0.04   0.32   0.01   0.01   0.08   0.00   0.00 
  2.27   6.24   0.01  90.71   0.31   0.22   0.00   0.01   0.21   0.01   0.01 
 19.10  26.53   0.02  52.02   0.68   0.92   0.03   0.02   0.65   0.02   0.01 
 24.79  75.20   0.00   0.00   0.00   0.00   0.00   0.00   0.00   0.00   0.00 
  0.53  99.47   0.00   0.00   0.00   0.00   0.00   0.00   0.00   0.00   0.00 
  0.01  99.94   0.00   0.00   0.00   0.05   0.00   0.00   0.00   0.00   0.00 
  5.66  86.66   0.06   5.06   0.48   1.27   0.04   0.04   0.65   0.06   0.02 
  0.18  99.60   0.01   0.03   0.01   0.15   0.00   0.00   0.02   0.00   0.00 
  2.15  93.49   0.04   2.32   0.35   1.01   0.02   0.06   0.49   0.05   0.03 
	 ------ Epoch: 3 ------ 
----------------- Epoch scores summary ------------------------- 
[epoch 3], [val loss 0.68525], [acc 41.62], [mean_IoU 30.45] 
---------------------------------------------------------------- 
	 Epoch step finished: 64s 
 98.36   1.30   0.00   0.00   0.00   0.34   0.00   0.00   0.00   0.00   0.00 
  0.87  91.33   0.00   0.06   0.02   1.31   0.00   0.00   6.41   0.00   0.00 
  0.00  68.89   0.00   0.05   0.06  21.99   0.00   0.00   9.01   0.00   0.00 
  0.00   0.23   0.00  92.78   0.62   0.00   0.00   0.00   6.37   0.00   0.00 
  0.00   1.17   0.00  53.60   2.28   0.00   0.00   0.00  42.95   0.00   0.00 
  8.31   4.16   0.00   0.00   0.00  87.52   0.00   0.00   0.01   0.00   0.00 
  0.02  82.98   0.00   0.00   0.00  16.98   0.00   0.00   0.02   0.00   0.00 
  0.00  76.44   0.00   0.00   0.00  22.66   0.00   0.00   0.90   0.00   0.00 
  0.00  12.16   0.00   1.70   0.55   0.00   0.00   0.00  85.59   0.00   0.00 
  0.00  84.68   0.00   0.02   0.00   0.54   0.00   0.00  14.76   0.00   0.00 
  0.01  33.18   0.00   4.60   1.82   0.30   0.00   0.00  60.08   0.00   0.00 
	 ------ Epoch: 4 ------ 

- Starting train <--- 
	 ------ Epoch: 1 ------ 
----------------- Epoch scores summary ------------------------- 
[epoch 1], [val loss 2.39614], [acc 9.45], [mean_IoU 3.93] 
---------------------------------------------------------------- 
	 Epoch step finished: 61s 
  9.72  10.69   9.60   9.38   8.86   8.80   8.14   7.99  10.31   7.37   9.14 
  9.96  12.43   8.24   8.28   8.83   8.95   8.57   8.21  10.28   7.45   8.80 
 10.44  12.21   8.50   8.06   8.35   8.68   8.24   8.24  10.74   7.71   8.84 
  8.71   9.19   9.64  12.01   8.90   8.82   9.24   8.52   8.32   7.78   8.87 
  9.06  10.26   9.15  10.78   9.04   8.45   9.19   8.78   8.48   7.61   9.21 
 10.03  10.72   8.12   8.28   8.86   8.76   8.28   8.43  10.80   8.56   9.16 
 10.92  13.17   8.00   7.53   7.86   8.98   7.89   7.70  11.27   7.73   8.95 
 10.15  12.04   8.36   8.56   8.56   8.35   8.13   8.17  10.47   7.65   9.55 
  9.96  11.09   8.72   8.56   8.25   9.36   7.81   8.17  10.71   7.84   9.53 
 10.79  13.34   7.98   7.56   8.61   8.61   8.02   7.83  11.09   7.30   8.85 
 10.63  12.93   8.14   7.69   8.60   8.40   7.73   7.99  10.81   7.65   9.43 
	 ------ Epoch: 2 ------ 

- Starting train <--- 
	 ------ Epoch: 1 ------ 
----------------- Epoch scores summary ------------------------- 
[epoch 1], [val loss 2.39375], [acc 9.39], [mean_IoU 4.26] 
---------------------------------------------------------------- 
	 Epoch step finished: 61s 
 10.90  11.85   6.94  11.69   9.42   8.97   8.17   7.41   8.82   7.49   8.36 
  9.19  15.51   6.69  12.51   8.82  10.26   6.74   7.42   8.59   6.33   7.94 
  9.01  16.08   6.53  12.41   9.03  10.29   6.57   6.97   8.87   6.25   8.00 
 10.34  13.27   6.66  13.44   9.95   9.21   6.66   7.32   8.57   6.84   7.74 
 10.72  13.60   6.34  12.29   9.41   9.00   7.16   7.24   8.99   6.98   8.26 
  9.70  16.06   6.86  11.59   8.86  11.30   6.52   7.04   8.04   6.40   7.64 
  8.24  17.25   6.94  12.17   8.43  11.29   6.58   7.81   8.27   5.70   7.33 
  9.73  16.59   6.43  12.50   8.99  10.43   6.13   7.24   8.32   6.06   7.58 
  9.31  14.77   7.14  12.36   8.74  10.14   7.11   7.56   8.28   6.65   7.93 
  8.77  15.93   7.03  11.81   8.85  11.39   6.51   7.29   7.99   6.03   8.40 
  8.72  16.35   7.30  11.85   8.44  11.34   6.60   7.07   8.15   6.11   8.05 
	 ------ Epoch: 2 ------ 
----------------- Epoch scores summary ------------------------- 
[epoch 2], [val loss 1.31201], [acc 23.65], [mean_IoU 14.38] 
---------------------------------------------------------------- 
	 Epoch step finished: 63s 
 82.45  17.49   0.00   0.01   0.00   0.05   0.00   0.00   0.00   0.00   0.00 
  4.24  95.32   0.01   0.01   0.01   0.32   0.01   0.00   0.08   0.00   0.00 
  0.71  98.35   0.01   0.05   0.06   0.56   0.02   0.00   0.22   0.01   0.00 
 13.94   4.75   0.01  80.13   0.53   0.35   0.01   0.01   0.26   0.01   0.00 
 66.46  17.10   0.01  14.07   0.61   1.14   0.01   0.01   0.57   0.01   0.00 
 22.38  77.39   0.00   0.00   0.00   0.22   0.01   0.00   0.00   0.00   0.00 
  0.12  99.86   0.00   0.00   0.00   0.01   0.00   0.00   0.00   0.00   0.00 
  0.01  99.74   0.03   0.00   0.00   0.12   0.06   0.00   0.00   0.02   0.01 
 11.09  80.99   0.24   1.59   0.91   3.14   0.24   0.12   1.41   0.14   0.14 
  0.21  99.32   0.01   0.02   0.01   0.33   0.02   0.00   0.07   0.01   0.00 
  3.47  92.11   0.05   1.42   0.51   1.53   0.08   0.03   0.75   0.04   0.02 
	 ------ Epoch: 3 ------ 
----------------- Epoch scores summary ------------------------- 
[epoch 3], [val loss 0.74186], [acc 41.20], [mean_IoU 29.99] 
---------------------------------------------------------------- 
	 Epoch step finished: 64s 
 95.45   0.91   0.00   0.00   0.00   3.62   0.01   0.00   0.01   0.00   0.00 
  0.29  85.09   0.00   0.38   0.29   2.17   0.03   0.06  11.64   0.04   0.00 
  0.00  61.49   0.00   0.88   0.37  15.76   0.03   0.06  21.37   0.03   0.00 
  0.00   0.04   0.00  96.57   0.46   0.00   0.00   0.01   2.91   0.01   0.00 
  0.00   0.14   0.00  83.30   3.91   0.00   0.01   0.03  12.59   0.02   0.00 
  5.69  10.60   0.00   0.00   0.00  83.61   0.00   0.00   0.09   0.00   0.00 
  0.00  85.20   0.00   0.00   0.00  14.21   0.00   0.00   0.58   0.00   0.00 
  0.00  72.51   0.00   0.00   0.00  12.42   0.00   0.00  15.07   0.00   0.00 
  0.00   0.31   0.00   8.77   3.50   0.13   0.01   0.07  87.17   0.02   0.01 
  0.00  57.26   0.05   0.56   0.40   0.29   0.69   1.53  37.76   1.35   0.11 
  0.00   7.63   0.01  12.81   0.88   0.15   0.13   0.44  77.46   0.42   0.07 
	 ------ Epoch: 4 ------ 
----------------- Epoch scores summary ------------------------- 
[epoch 4], [val loss 0.57170], [acc 46.32], [mean_IoU 36.21] 
---------------------------------------------------------------- 
	 Epoch step finished: 64s 
 97.33   1.82   0.00   0.00   0.00   0.84   0.00   0.00   0.00   0.00   0.00 
  0.73  90.23   0.00   0.23   1.85   4.37   0.00   0.00   2.51   0.07   0.00 
  0.00  69.07   0.00   0.07   2.28  26.05   0.00   0.01   2.51   0.01   0.00 
  0.00   0.17   0.00  96.73   0.80   0.01   0.00   0.00   2.26   0.02   0.01 
  0.02   0.97   0.00  56.42  36.64   1.11   0.01   0.01   4.73   0.08   0.02 
  3.11   2.21   0.00   0.00   0.00  94.67   0.00   0.00   0.00   0.00   0.00 
  0.01  82.35   0.00   0.00   0.00  17.64   0.00   0.00   0.00   0.00   0.00 
  0.00  74.41   0.00   0.00   0.00  24.63   0.00   0.00   0.94   0.01   0.00 
  0.00   5.31   0.00   3.10   0.69   0.28   0.01   0.01  90.42   0.17   0.01 
  0.01  81.04   0.04   0.21   2.52   1.38   0.27   0.31  10.44   3.48   0.31 
  0.05  14.61   0.00  16.81   0.68   0.13   0.03   0.03  67.07   0.55   0.04 
	 ------ Epoch: 5 ------ 
----------------- Epoch scores summary ------------------------- 
[epoch 5], [val loss 0.46784], [acc 50.78], [mean_IoU 40.42] 
---------------------------------------------------------------- 
	 Epoch step finished: 64s 
 96.13   1.76   0.00   0.00   0.00   2.10   0.00   0.00   0.00   0.00   0.00 
  0.57  89.88   0.00   0.03   2.55   3.61   0.00   0.00   3.25   0.10   0.01 
  0.02  61.58   0.00   0.03   3.45  32.33   0.00   0.00   2.57   0.01   0.00 
  0.00   0.13   0.00  94.09   3.99   0.00   0.00   0.00   1.76   0.01   0.01 
  0.01   1.09   0.00  16.17  79.54   0.29   0.00   0.00   2.78   0.07   0.04 
  1.60   0.70   0.00   0.00   0.00  97.68   0.00   0.00   0.01   0.00   0.00 
  0.00  77.05   0.00   0.00   0.00  22.87   0.00   0.00   0.08   0.00   0.00 
  0.00  52.20   0.00   0.00   0.01  46.29   0.00   0.00   1.49   0.01   0.00 
  0.00   1.92   0.00   2.32   0.34   0.06   0.00   0.00  95.34   0.03   0.00 
  0.01  62.64   0.02   0.66   5.10   1.16   0.24   0.06  23.67   5.88   0.58 
  0.02   6.42   0.01  16.65   1.31   0.62   0.01   0.01  74.67   0.23   0.05 
	 ------ Epoch: 6 ------ 
----------------- Epoch scores summary ------------------------- 
[epoch 6], [val loss 0.42042], [acc 52.20], [mean_IoU 42.23] 
---------------------------------------------------------------- 
	 Epoch step finished: 64s 
 96.89   1.08   0.00   0.00   0.00   2.03   0.00   0.00   0.00   0.00   0.00 
  0.82  89.03   0.00   0.05   3.48   3.90   0.02   0.00   2.38   0.29   0.03 
  0.00  51.40   0.00   0.06   4.85  41.23   0.01   0.03   2.38   0.03   0.00 
  0.00   0.11   0.00  96.93   2.07   0.00   0.00   0.00   0.83   0.03   0.02 
  0.00   0.82   0.00  14.09  83.21   0.03   0.01   0.00   1.61   0.15   0.08 
  1.64   0.14   0.00   0.00   0.00  98.21   0.00   0.00   0.02   0.00   0.00 
  0.00  74.90   0.00   0.00   0.00  25.01   0.02   0.00   0.05   0.00   0.00 
  0.00  25.31   0.00   0.00   0.02  72.39   0.04   0.04   2.19   0.02   0.00 
  0.00   1.46   0.00   3.85   0.18   0.04   0.01   0.00  94.40   0.05   0.01 
  0.01  55.49   0.01   1.58   6.66   2.18   1.87   0.11  15.77  15.21   1.11 
  0.02   5.19   0.01  24.96   1.34   1.20   0.14   0.08  65.80   0.98   0.26 
	 ------ Epoch: 7 ------ 
----------------- Epoch scores summary ------------------------- 
[epoch 7], [val loss 0.38905], [acc 54.04], [mean_IoU 44.16] 
---------------------------------------------------------------- 
	 Epoch step finished: 64s 
 98.08   0.80   0.00   0.00   0.00   1.12   0.00   0.00   0.00   0.00   0.00 
  0.91  89.87   0.00   0.08   3.60   3.32   0.02   0.00   1.39   0.73   0.07 
  0.05  53.94   0.02   0.11   5.37  38.46   0.19   0.09   1.49   0.27   0.01 
  0.00   0.10   0.00  97.15   2.30   0.00   0.00   0.00   0.32   0.07   0.06 
  0.01   0.75   0.00  12.14  86.22   0.01   0.00   0.00   0.53   0.24   0.12 
  2.33   0.32   0.00   0.00   0.00  97.32   0.01   0.00   0.01   0.00   0.00 
  0.03  76.38   0.02   0.00   0.00  23.27   0.19   0.00   0.05   0.05   0.00 
  0.01  31.57   0.01   0.00   0.03  65.88   0.42   0.13   1.73   0.22   0.00 
  0.00   1.56   0.00   6.33   0.23   0.03   0.02   0.00  91.23   0.52   0.07 
  0.03  45.19   0.01   3.42   7.46   1.21   2.98   0.25   6.35  31.38   1.73 
  0.04   6.02   0.01  32.60   1.58   0.68   0.68   0.20  45.85   9.47   2.88 
	 ------ Epoch: 8 ------ 
----------------- Epoch scores summary ------------------------- 
[epoch 8], [val loss 0.36301], [acc 55.49], [mean_IoU 45.29] 
---------------------------------------------------------------- 
	 Epoch step finished: 64s 
 98.01   1.01   0.00   0.00   0.00   0.97   0.00   0.00   0.00   0.00   0.00 
  0.77  90.55   0.00   0.04   3.31   2.70   0.03   0.01   1.85   0.69   0.04 
  0.00  50.78   0.04   0.08   5.36  40.85   0.49   0.38   1.85   0.16   0.01 
  0.00   0.09   0.00  96.87   2.60   0.00   0.00   0.00   0.36   0.05   0.04 
  0.00   0.82   0.00   4.50  93.73   0.00   0.00   0.00   0.63   0.21   0.09 
  2.45   0.23   0.00   0.00   0.00  97.23   0.06   0.01   0.01   0.00   0.00 
  0.07  74.94   0.07   0.00   0.00  23.45   1.25   0.06   0.06   0.11   0.00 
  0.00  24.63   0.02   0.00   0.03  71.64   0.63   0.42   2.44   0.19   0.00 
  0.00   1.26   0.00   4.06   0.16   0.03   0.02   0.01  94.22   0.21   0.04 
  0.02  34.95   0.00   1.84   8.64   0.91   4.75   0.36  11.37  35.82   1.36 
  0.04   4.53   0.01  32.47   1.83   0.66   0.74   0.39  50.53   6.51   2.28 
	 ------ Epoch: 9 ------ 
----------------- Epoch scores summary ------------------------- 
[epoch 9], [val loss 0.33414], [acc 58.29], [mean_IoU 47.71] 
---------------------------------------------------------------- 
	 Epoch step finished: 63s 
 97.18   1.23   0.00   0.00   0.00   1.58   0.00   0.00   0.00   0.00   0.00 
  0.62  91.59   0.00   0.04   2.91   2.08   0.06   0.01   1.03   1.59   0.06 
  0.00  54.79   0.03   0.07   4.05  35.61   2.69   0.90   1.23   0.60   0.02 
  0.00   0.10   0.00  97.32   1.94   0.00   0.00   0.00   0.22   0.23   0.18 
  0.02   1.23   0.00   5.97  91.61   0.00   0.00   0.00   0.30   0.63   0.22 
  1.75   0.34   0.00   0.00   0.00  97.29   0.50   0.10   0.01   0.01   0.00 
  0.05  74.57   0.03   0.00   0.00  18.99   5.57   0.44   0.05   0.30   0.00 
  0.00  30.72   0.03   0.00   0.01  61.80   3.72   1.37   1.63   0.72   0.01 
  0.00   1.28   0.00   4.49   0.42   0.02   0.04   0.00  91.83   1.77   0.15 
  0.09  27.47   0.01   2.08   5.35   0.45   4.88   0.43   2.00  55.61   1.63 
  0.04   5.17   0.03  23.12   1.41   0.18   1.58   0.33  25.78  30.60  11.76 
	 ------ Epoch: 10 ------ 
----------------- Epoch scores summary ------------------------- 
[epoch 10], [val loss 0.31361], [acc 57.97], [mean_IoU 47.32] 
---------------------------------------------------------------- 
	 Epoch step finished: 63s 
	 ------ Epoch: 11 ------ 
----------------- Epoch scores summary ------------------------- 
[epoch 11], [val loss 0.33664], [acc 59.21], [mean_IoU 48.93] 
---------------------------------------------------------------- 
	 Epoch step finished: 64s 
 97.18   2.18   0.00   0.00   0.00   0.64   0.00   0.00   0.00   0.00   0.00 
  0.29  94.83   0.00   0.04   2.32   0.35   0.03   0.02   0.75   1.34   0.02 
  0.00  78.26   0.00   0.04   2.99  14.66   1.99   0.55   1.07   0.43   0.01 
  0.00   0.11   0.00  97.40   1.52   0.00   0.00   0.00   0.34   0.30   0.33 
  0.01   1.89   0.00  10.42  86.07   0.00   0.01   0.00   0.43   0.94   0.23 
  2.87   6.72   0.00   0.00   0.00  89.70   0.46   0.23   0.01   0.00   0.00 
  0.00  82.15   0.00   0.00   0.00   7.46  10.22   0.01   0.04   0.13   0.00 
  0.00  68.02   0.00   0.00   0.01  21.12   3.34   5.38   1.63   0.50   0.00 
  0.00   1.68   0.00   2.43   0.07   0.00   0.01   0.00  94.36   1.30   0.14 
  0.02  29.46   0.00   0.91   4.40   0.02   4.27   0.21   2.31  57.23   1.18 
  0.00   6.52   0.00  16.52   0.93   0.00   1.59   0.05  20.59  34.85  18.94 
	 ------ Epoch: 12 ------ 
----------------- Epoch scores summary ------------------------- 
[epoch 12], [val loss 0.29840], [acc 59.69], [mean_IoU 49.79] 
---------------------------------------------------------------- 
	 Epoch step finished: 64s 
 96.35   1.48   0.00   0.00   0.00   2.17   0.00   0.00   0.00   0.00   0.00 
  0.47  93.54   0.00   0.02   1.70   2.13   0.04   0.23   0.79   1.08   0.01 
  0.00  53.14   0.00   0.03   2.29  38.73   0.97   3.58   0.97   0.28   0.01 
  0.00   0.18   0.00  96.96   1.86   0.00   0.00   0.00   0.38   0.29   0.33 
  0.00   3.01   0.00   6.93  88.72   0.00   0.01   0.00   0.37   0.83   0.12 
  1.33   0.54   0.00   0.00   0.00  97.80   0.19   0.13   0.01   0.00   0.00 
  0.01  69.96   0.00   0.00   0.00  19.88   9.87   0.20   0.02   0.07   0.00 
  0.00  15.85   0.00   0.00   0.01  68.55   0.93  12.70   1.87   0.09   0.01 
  0.00   1.59   0.00   2.81   0.12   0.01   0.04   0.05  94.25   1.00   0.11 
  0.00  34.69   0.00   0.04   3.64   0.31   5.57   3.68   3.36  48.25   0.46 
  0.03   7.44   0.01  14.26   1.05   0.17   1.79   0.93  28.49  27.74  18.11 
	 ------ Epoch: 13 ------ 
----------------- Epoch scores summary ------------------------- 
[epoch 13], [val loss 0.27656], [acc 63.51], [mean_IoU 52.52] 
---------------------------------------------------------------- 
	 Epoch step finished: 63s 
 97.24   1.18   0.00   0.00   0.00   1.57   0.00   0.00   0.00   0.00   0.00 
  0.53  92.93   0.00   0.01   1.67   1.68   0.02   0.37   1.54   1.24   0.01 
  0.00  55.67   0.00   0.03   2.99  30.43   0.76   8.25   1.44   0.42   0.02 
  0.00   0.12   0.00  96.60   2.30   0.00   0.00   0.00   0.38   0.25   0.36 
  0.00   2.17   0.00   1.84  94.13   0.00   0.00   0.00   0.68   1.02   0.16 
  1.70   0.75   0.00   0.00   0.00  96.81   0.26   0.47   0.01   0.00   0.00 
  0.03  65.28   0.00   0.00   0.00  17.61  16.27   0.46   0.11   0.22   0.02 
  0.00  23.04   0.00   0.00   0.01  47.32   0.59  26.08   2.82   0.14   0.00 
  0.00   1.02   0.00   2.18   0.10   0.00   0.01   0.03  95.82   0.71   0.13 
  0.00  20.56   0.00   0.11   3.98   0.13   1.10   3.07  12.03  58.45   0.55 
  0.01   3.70   0.00  15.44   0.96   0.00   0.74   0.54  33.75  20.62  24.24 
	 ------ Epoch: 14 ------ 
----------------- Epoch scores summary ------------------------- 
[epoch 14], [val loss 0.26609], [acc 66.43], [mean_IoU 56.33] 
---------------------------------------------------------------- 
	 Epoch step finished: 63s 
 97.75   0.65   0.00   0.00   0.00   1.60   0.00   0.00   0.00   0.00   0.00 
  0.86  90.63   0.00   0.02   2.77   1.60   0.05   1.28   0.43   2.33   0.02 
  0.00  49.02   0.01   0.07   3.98  26.55   1.31  17.22   1.01   0.80   0.02 
  0.04   0.08   0.00  97.59   1.46   0.00   0.00   0.00   0.19   0.24   0.39 
  0.07   1.21   0.00   3.85  93.41   0.00   0.01   0.01   0.18   1.09   0.17 
  1.66   0.23   0.00   0.00   0.00  96.76   0.33   1.00   0.01   0.00   0.00 
  0.12  65.62   0.00   0.00   0.00  17.41  15.36   1.42   0.04   0.03   0.00 
  0.00  12.91   0.01   0.00   0.02  29.51   1.08  54.66   1.49   0.31   0.02 
  0.00   1.34   0.00   4.04   0.14   0.00   0.10   0.08  91.54   2.10   0.65 
  0.27  20.31   0.01   0.94   5.07   0.06   3.68   5.20   1.67  61.65   1.15 
  0.11   3.30   0.01  14.91   0.84   0.00   2.42   0.65   8.52  37.85  31.38 
	 ------ Epoch: 15 ------ 
----------------- Epoch scores summary ------------------------- 
[epoch 15], [val loss 0.27628], [acc 67.81], [mean_IoU 56.81] 
---------------------------------------------------------------- 
	 Epoch step finished: 63s 
 96.87   1.75   0.00   0.00   0.00   1.38   0.00   0.00   0.00   0.00   0.00 
  0.34  92.56   0.00   0.01   2.65   0.74   0.03   1.31   0.77   1.57   0.01 
  0.00  50.94   0.00   0.04   3.56  19.33   0.75  23.66   1.15   0.55   0.02 
  0.01   0.11   0.00  97.24   1.86   0.00   0.00   0.00   0.17   0.20   0.41 
  0.00   1.73   0.00   3.25  93.52   0.00   0.01   0.01   0.32   1.01   0.16 
  1.81   1.48   0.00   0.00   0.00  93.12   0.38   3.19   0.01   0.00   0.00 
  0.00  65.88   0.00   0.00   0.00  10.97  16.47   6.42   0.09   0.13   0.03 
  0.00  13.41   0.00   0.00   0.01  15.17   0.38  67.85   2.99   0.18   0.01 
  0.00   1.04   0.00   4.19   0.16   0.00   0.01   0.10  92.72   1.36   0.42 
  0.03  20.63   0.00   0.19   4.86   0.01   0.67   3.26  10.13  59.71   0.50 
  0.01   3.28   0.00  13.80   0.70   0.00   1.11   0.81  17.61  26.87  35.81 
	 ------ Epoch: 16 ------ 
----------------- Epoch scores summary ------------------------- 
[epoch 16], [val loss 0.25086], [acc 68.74], [mean_IoU 57.96] 
---------------------------------------------------------------- 
	 Epoch step finished: 64s 
 96.50   1.38   0.00   0.00   0.00   2.11   0.00   0.00   0.00   0.00   0.00 
  0.50  91.81   0.00   0.01   2.06   1.24   0.06   1.45   0.75   2.12   0.01 
  0.00  51.80   0.00   0.01   2.78  27.05   1.08  15.83   0.74   0.69   0.02 
  0.01   0.08   0.00  97.57   1.14   0.00   0.00   0.00   0.23   0.30   0.67 
  0.02   1.74   0.00   3.40  93.17   0.00   0.01   0.01   0.24   1.26   0.16 
  1.34   0.55   0.00   0.00   0.00  96.95   0.31   0.85   0.01   0.00   0.00 
  0.04  58.81   0.00   0.00   0.00  18.26  22.35   0.48   0.04   0.01   0.00 
  0.00  13.30   0.00   0.00   0.01  27.54   0.81  56.56   1.57   0.17   0.03 
  0.00   1.36   0.00   2.67   0.12   0.00   0.02   0.12  93.69   1.59   0.44 
  0.15  16.00   0.01   0.38   3.90   0.06   2.47   5.17   5.11  65.76   1.00 
  0.04   2.66   0.01   7.67   0.73   0.00   1.73   0.42  15.08  29.90  41.76 
	 ------ Epoch: 17 ------ 
----------------- Epoch scores summary ------------------------- 
[epoch 17], [val loss 0.25781], [acc 68.94], [mean_IoU 57.86] 
---------------------------------------------------------------- 
	 Epoch step finished: 62s 
	 ------ Epoch: 18 ------ 
----------------- Epoch scores summary ------------------------- 
[epoch 18], [val loss 0.25201], [acc 70.44], [mean_IoU 59.03] 
---------------------------------------------------------------- 
	 Epoch step finished: 63s 
 97.23   0.95   0.00   0.00   0.00   1.82   0.00   0.00   0.00   0.00   0.00 
  0.59  90.54   0.00   0.01   2.53   0.97   0.08   2.86   0.82   1.60   0.01 
  0.00  44.08   0.00   0.05   3.81  19.97   0.45  29.71   1.36   0.52   0.05 
  0.02   0.08   0.00  97.96   1.18   0.00   0.00   0.00   0.14   0.17   0.46 
  0.02   1.36   0.00   4.30  93.01   0.00   0.01   0.02   0.18   0.96   0.13 
  1.47   0.16   0.00   0.00   0.00  94.66   0.17   3.51   0.01   0.00   0.00 
  0.02  52.41   0.00   0.00   0.00  13.46  27.42   6.59   0.08   0.00   0.00 
  0.00   4.51   0.00   0.00   0.01   9.74   0.15  83.46   2.01   0.12   0.01 
  0.00   0.60   0.00   4.44   0.13   0.00   0.00   0.24  93.42   0.65   0.52 
  0.16  20.25   0.03   0.22   5.57   0.00   1.42   8.23   6.24  57.23   0.64 
  0.07   3.14   0.03  13.14   0.70   0.00   1.69   1.19  19.37  20.81  39.86 
	 ------ Epoch: 19 ------ 
----------------- Epoch scores summary ------------------------- 
[epoch 19], [val loss 0.24821], [acc 69.41], [mean_IoU 58.50] 
---------------------------------------------------------------- 
	 Epoch step finished: 62s 
	 ------ Epoch: 20 ------ 
----------------- Epoch scores summary ------------------------- 
[epoch 20], [val loss 0.25263], [acc 72.82], [mean_IoU 60.45] 
---------------------------------------------------------------- 
	 Epoch step finished: 63s 
 96.76   1.21   0.00   0.00   0.00   2.03   0.00   0.00   0.00   0.00   0.00 
  0.50  89.23   0.00   0.01   2.45   1.28   0.13   3.08   0.73   2.56   0.03 
  0.00  43.87   0.01   0.04   3.32  23.62   2.24  24.59   1.06   1.15   0.10 
  0.02   0.06   0.00  97.38   1.18   0.00   0.00   0.00   0.23   0.29   0.85 
  0.01   1.23   0.00   3.34  93.54   0.00   0.01   0.02   0.26   1.43   0.16 
  1.36   0.12   0.00   0.00   0.00  96.04   0.50   1.97   0.01   0.00   0.00 
  0.05  47.07   0.00   0.00   0.00  14.87  35.64   2.25   0.09   0.00   0.02 
  0.00   5.17   0.00   0.00   0.01  13.82   1.03  77.74   1.97   0.22   0.04 
  0.00   0.65   0.00   2.51   0.07   0.00   0.01   0.10  94.76   0.95   0.96 
  0.14  12.49   0.03   0.09   3.76   0.02   2.57   5.39   5.36  68.84   1.33 
  0.05   1.67   0.03   5.71   0.47   0.00   1.71   0.36  12.73  26.24  51.03 
	 ------ Epoch: 21 ------ 
----------------- Epoch scores summary ------------------------- 
[epoch 21], [val loss 0.23486], [acc 72.50], [mean_IoU 61.22] 
---------------------------------------------------------------- 
	 Epoch step finished: 64s 
 97.32   1.03   0.00   0.00   0.00   1.65   0.00   0.00   0.00   0.00   0.00 
  0.55  90.49   0.00   0.01   2.65   1.36   0.11   2.00   0.53   2.27   0.03 
  0.00  45.23   0.03   0.04   4.23  24.28   2.54  21.03   0.92   1.57   0.12 
  0.01   0.05   0.00  98.26   0.96   0.00   0.00   0.00   0.10   0.19   0.43 
  0.01   0.87   0.00   4.17  93.39   0.00   0.00   0.01   0.15   1.23   0.16 
  1.59   0.28   0.00   0.00   0.00  96.23   0.52   1.37   0.01   0.00   0.00 
  0.08  44.58   0.00   0.00   0.00  16.71  37.49   1.01   0.11   0.00   0.00 
  0.00   8.70   0.01   0.00   0.01  13.26   1.26  73.94   2.33   0.40   0.08 
  0.00   0.62   0.00   5.13   0.12   0.00   0.00   0.12  92.17   0.88   0.96 
  0.09  10.23   0.03   0.27   5.23   0.03   1.09   3.85   6.82  71.28   1.07 
  0.04   1.97   0.01  13.20   0.37   0.00   0.85   0.21  10.72  25.69  46.93 
	 ------ Epoch: 22 ------ 
----------------- Epoch scores summary ------------------------- 
[epoch 22], [val loss 0.23085], [acc 71.97], [mean_IoU 61.22] 
---------------------------------------------------------------- 
	 Epoch step finished: 63s 
 97.60   0.79   0.00   0.00   0.00   1.61   0.00   0.00   0.00   0.00   0.00 
  0.66  91.64   0.00   0.01   2.68   1.09   0.14   1.55   0.49   1.73   0.02 
  0.00  49.04   0.03   0.00   4.15  24.80   1.89  18.37   0.77   0.87   0.08 
  0.01   0.08   0.00  97.45   1.52   0.00   0.00   0.00   0.17   0.21   0.55 
  0.01   1.24   0.00   2.38  95.12   0.00   0.00   0.01   0.13   1.00   0.11 
  1.62   0.48   0.00   0.00   0.00  96.18   0.39   1.33   0.01   0.00   0.00 
  0.05  44.05   0.01   0.00   0.00  16.51  38.66   0.64   0.08   0.00   0.00 
  0.00  12.23   0.01   0.00   0.02  13.48   0.88  70.92   2.15   0.29   0.04 
  0.00   0.93   0.00   3.16   0.19   0.00   0.00   0.08  94.12   0.84   0.68 
  0.21  18.75   0.14   0.06   5.57   0.03   0.88   3.60   6.65  63.55   0.56 
  0.07   2.98   0.03   8.45   0.93   0.00   0.91   0.22  13.37  26.61  46.43 
	 ------ Epoch: 23 ------ 
----------------- Epoch scores summary ------------------------- 
[epoch 23], [val loss 0.25312], [acc 70.62], [mean_IoU 58.82] 
---------------------------------------------------------------- 
	 Epoch step finished: 62s 
	 ------ Epoch: 24 ------ 
----------------- Epoch scores summary ------------------------- 
[epoch 24], [val loss 0.22926], [acc 71.53], [mean_IoU 61.56] 
---------------------------------------------------------------- 
	 Epoch step finished: 64s 
 96.97   0.87   0.00   0.00   0.00   2.16   0.00   0.00   0.00   0.00   0.00 
  0.63  91.62   0.00   0.01   2.34   1.67   0.16   1.74   0.44   1.37   0.02 
  0.00  44.48   0.08   0.00   3.89  27.00   1.53  21.52   0.79   0.62   0.08 
  0.02   0.09   0.00  96.99   2.11   0.00   0.00   0.00   0.17   0.15   0.47 
  0.02   1.46   0.01   1.65  95.75   0.00   0.01   0.01   0.12   0.86   0.11 
  1.29   0.09   0.00   0.00   0.00  97.16   0.36   1.09   0.01   0.00   0.00 
  0.07  38.13   0.00   0.00   0.00  17.79  43.11   0.84   0.06   0.00   0.00 
  0.00   6.42   0.01   0.00   0.01  19.97   0.63  71.47   1.38   0.11   0.01 
  0.00   0.70   0.00   3.15   0.15   0.01   0.01   0.16  94.27   0.58   0.97 
  0.23  27.06   0.34   0.07   5.96   0.04   1.62   7.96   3.19  52.99   0.54 
  0.10   3.43   0.12  10.30   1.09   0.00   1.50   0.69  11.25  25.12  46.40 
	 ------ Epoch: 25 ------ 
----------------- Epoch scores summary ------------------------- 
[epoch 25], [val loss 0.22775], [acc 72.69], [mean_IoU 62.19] 
---------------------------------------------------------------- 
	 Epoch step finished: 63s 
 97.90   0.50   0.00   0.00   0.00   1.60   0.00   0.00   0.00   0.00   0.00 
  0.87  91.15   0.00   0.01   2.63   1.29   0.16   1.28   0.39   2.18   0.04 
  0.00  49.58   0.13   0.00   4.13  25.66   1.68  17.15   0.44   1.10   0.13 
  0.00   0.05   0.00  97.77   1.32   0.00   0.00   0.00   0.10   0.21   0.54 
  0.00   0.95   0.00   2.69  94.90   0.00   0.00   0.01   0.11   1.20   0.15 
  1.62   0.53   0.00   0.00   0.00  96.54   0.32   0.97   0.01   0.00   0.00 
  0.10  40.68   0.00   0.00   0.00  17.64  41.08   0.46   0.05   0.00   0.00 
  0.00  13.74   0.02   0.01   0.01  16.42   0.76  67.38   1.34   0.27   0.04 
  0.00   1.35   0.00   4.66   0.22   0.01   0.01   0.13  91.06   1.15   1.40 
  0.03  13.97   0.08   0.08   5.58   0.07   1.07   4.34   4.13  69.80   0.84 
  0.10   1.82   0.06   8.97   0.62   0.00   0.81   0.23   7.91  27.55  51.92 
	 ------ Epoch: 26 ------ 
----------------- Epoch scores summary ------------------------- 
[epoch 26], [val loss 0.23087], [acc 74.13], [mean_IoU 62.66] 
---------------------------------------------------------------- 
	 Epoch step finished: 64s 
 98.03   0.57   0.00   0.00   0.00   1.39   0.00   0.00   0.00   0.00   0.00 
  0.81  89.77   0.00   0.01   2.82   1.52   0.17   2.17   0.58   2.12   0.04 
  0.00  41.73   0.07   0.00   4.13  25.70   2.26  23.88   0.92   1.16   0.14 
  0.00   0.04   0.00  97.90   1.21   0.00   0.00   0.00   0.12   0.17   0.55 
  0.00   0.66   0.00   3.49  94.50   0.00   0.00   0.02   0.12   1.07   0.14 
  1.76   0.11   0.00   0.00   0.00  96.41   0.40   1.29   0.02   0.00   0.00 
  0.13  37.57   0.03   0.00   0.00  16.19  45.17   0.74   0.17   0.00   0.00 
  0.00   4.60   0.00   0.00   0.01  13.67   0.79  78.78   1.92   0.19   0.04 
  0.00   0.46   0.00   4.16   0.16   0.01   0.00   0.11  93.21   0.68   1.22 
  0.02  11.15   0.08   0.11   6.02   0.05   1.12   5.73   5.44  69.27   1.01 
  0.08   1.79   0.07   8.98   0.74   0.00   1.09   0.50  10.04  24.40  52.31 
	 ------ Epoch: 27 ------ 
----------------- Epoch scores summary ------------------------- 
[epoch 27], [val loss 0.23750], [acc 72.71], [mean_IoU 61.66] 
---------------------------------------------------------------- 
	 Epoch step finished: 62s 
	 ------ Epoch: 28 ------ 
----------------- Epoch scores summary ------------------------- 
[epoch 28], [val loss 0.21714], [acc 73.98], [mean_IoU 63.17] 
---------------------------------------------------------------- 
	 Epoch step finished: 64s 
 95.76   1.17   0.00   0.00   0.00   3.07   0.00   0.00   0.00   0.00   0.00 
  0.48  92.39   0.00   0.01   1.95   1.24   0.08   1.54   0.49   1.76   0.08 
  0.00  48.02   0.13   0.00   3.21  24.75   2.19  19.96   0.69   0.84   0.20 
  0.01   0.05   0.00  96.74   1.90   0.00   0.00   0.00   0.21   0.19   0.90 
  0.00   1.56   0.01   1.57  95.42   0.00   0.00   0.00   0.14   1.12   0.16 
  0.92   0.28   0.00   0.00   0.00  96.91   0.44   1.44   0.01   0.00   0.00 
  0.03  46.27   0.03   0.00   0.00  15.30  37.09   1.16   0.10   0.00   0.00 
  0.00   8.87   0.02   0.00   0.01  12.12   0.87  76.26   1.61   0.20   0.04 
  0.00   0.75   0.00   2.32   0.13   0.01   0.00   0.07  94.76   0.37   1.59 
  0.04  14.00   0.27   0.06   4.99   0.06   1.41   5.28   4.44  67.82   1.62 
  0.06   2.17   0.09   4.98   0.72   0.00   0.92   0.34   8.95  21.29  60.47 
	 ------ Epoch: 29 ------ 
----------------- Epoch scores summary ------------------------- 
[epoch 29], [val loss 0.21328], [acc 73.08], [mean_IoU 63.13] 
---------------------------------------------------------------- 
	 Epoch step finished: 62s 
	 ------ Epoch: 30 ------ 
----------------- Epoch scores summary ------------------------- 
[epoch 30], [val loss 0.22002], [acc 76.30], [mean_IoU 64.83] 
---------------------------------------------------------------- 
	 Epoch step finished: 63s 
 96.73   0.69   0.00   0.00   0.00   2.57   0.00   0.00   0.00   0.00   0.00 
  0.70  91.04   0.02   0.01   2.12   1.66   0.35   1.77   0.42   1.83   0.09 
  0.00  43.74   0.22   0.00   3.40  24.39   3.98  22.21   0.72   1.12   0.22 
  0.05   0.04   0.01  96.60   1.99   0.00   0.00   0.00   0.18   0.16   0.97 
  0.01   1.43   0.03   1.84  95.30   0.00   0.00   0.00   0.13   1.08   0.18 
  1.07   0.09   0.00   0.00   0.00  96.56   0.53   1.73   0.01   0.00   0.00 
  0.05  29.02   0.00   0.00   0.00  14.75  54.25   1.79   0.13   0.00   0.00 
  0.00   5.27   0.02   0.00   0.01   9.71   1.00  82.33   1.40   0.22   0.04 
  0.00   0.57   0.00   2.63   0.11   0.01   0.02   0.09  94.17   0.45   1.94 
  0.06  12.70   0.99   0.06   5.45   0.05   1.91   5.99   2.89  67.81   2.08 
  0.13   2.08   0.19   4.18   0.53   0.00   1.32   0.45   4.66  22.19  64.25 
	 ------ Epoch: 31 ------ 
----------------- Epoch scores summary ------------------------- 
[epoch 31], [val loss 0.21471], [acc 73.51], [mean_IoU 63.29] 
---------------------------------------------------------------- 
	 Epoch step finished: 63s 
	 ------ Epoch: 32 ------ 
----------------- Epoch scores summary ------------------------- 
[epoch 32], [val loss 0.22935], [acc 71.89], [mean_IoU 61.58] 
---------------------------------------------------------------- 
	 Epoch step finished: 62s 
	 ------ Epoch: 33 ------ 
----------------- Epoch scores summary ------------------------- 
[epoch 33], [val loss 0.21416], [acc 73.82], [mean_IoU 63.90] 
---------------------------------------------------------------- 
	 Epoch step finished: 62s 
	 ------ Epoch: 34 ------ 
----------------- Epoch scores summary ------------------------- 
[epoch 34], [val loss 0.21447], [acc 73.47], [mean_IoU 63.85] 
---------------------------------------------------------------- 
	 Epoch step finished: 62s 
	 ------ Epoch: 35 ------ 
----------------- Epoch scores summary ------------------------- 
[epoch 35], [val loss 0.21740], [acc 73.39], [mean_IoU 63.45] 
---------------------------------------------------------------- 
	 Epoch step finished: 62s 
	 ------ Epoch: 36 ------ 
----------------- Epoch scores summary ------------------------- 
[epoch 36], [val loss 0.21155], [acc 72.63], [mean_IoU 62.91] 
---------------------------------------------------------------- 
	 Epoch step finished: 62s 
	 ------ Epoch: 37 ------ 
----------------- Epoch scores summary ------------------------- 
[epoch 37], [val loss 0.20384], [acc 74.55], [mean_IoU 64.77] 
---------------------------------------------------------------- 
	 Epoch step finished: 62s 
	 ------ Epoch: 38 ------ 
----------------- Epoch scores summary ------------------------- 
[epoch 38], [val loss 0.20347], [acc 74.70], [mean_IoU 65.08] 
---------------------------------------------------------------- 
	 Epoch step finished: 64s 
 96.28   1.14   0.00   0.00   0.00   2.58   0.00   0.00   0.00   0.00   0.00 
  0.48  93.16   0.01   0.01   2.45   1.09   0.11   0.85   0.32   1.42   0.09 
  0.00  49.88   1.03   0.01   4.15  23.54   1.74  17.66   0.50   1.30   0.19 
  0.00   0.04   0.01  97.52   1.39   0.00   0.00   0.00   0.15   0.16   0.73 
  0.00   0.97   0.01   2.67  95.17   0.00   0.00   0.00   0.07   0.94   0.16 
  1.07   0.51   0.03   0.00   0.00  96.88   0.32   1.18   0.01   0.00   0.00 
  0.04  41.96   0.57   0.00   0.00  14.60  41.84   0.83   0.15   0.00   0.00 
  0.00  11.52   0.14   0.01   0.01  11.37   0.61  74.61   1.19   0.47   0.07 
  0.00   0.99   0.00   3.38   0.24   0.05   0.01   0.09  92.87   0.32   2.06 
  0.00  13.75   1.40   0.11   5.40   0.09   0.23   5.62   3.15  68.71   1.54 
  0.08   2.47   0.16   5.91   0.58   0.00   0.17   0.37   4.50  22.10  63.66 
	 ------ Epoch: 39 ------ 
----------------- Epoch scores summary ------------------------- 
[epoch 39], [val loss 0.20794], [acc 73.80], [mean_IoU 64.14] 
---------------------------------------------------------------- 
	 Epoch step finished: 63s 
	 ------ Epoch: 40 ------ 
----------------- Epoch scores summary ------------------------- 
[epoch 40], [val loss 0.21293], [acc 75.31], [mean_IoU 65.16] 
---------------------------------------------------------------- 
	 Epoch step finished: 64s 
 95.85   0.82   0.00   0.00   0.00   3.33   0.00   0.00   0.00   0.00   0.00 
  0.59  92.09   0.01   0.01   1.98   1.90   0.24   1.35   0.35   1.39   0.09 
  0.00  47.46   0.64   0.00   3.05  26.44   1.86  18.90   0.39   1.09   0.17 
  0.00   0.05   0.01  97.51   1.58   0.00   0.00   0.00   0.16   0.16   0.53 
  0.00   1.64   0.01   2.01  95.18   0.00   0.00   0.00   0.10   0.92   0.13 
  0.83   0.10   0.01   0.00   0.00  97.44   0.21   1.39   0.01   0.00   0.00 
  0.03  31.76   0.13   0.00   0.00  16.34  50.21   1.07   0.46   0.00   0.00 
  0.00   7.74   0.12   0.01   0.01  13.12   0.63  76.98   0.93   0.44   0.04 
  0.00   1.03   0.00   2.99   0.23   0.06   0.02   0.09  93.12   0.33   2.13 
  0.00  12.68   0.64   0.05   5.19   0.11   0.16   6.70   2.69  70.56   1.22 
  0.10   2.19   0.18   8.68   0.78   0.00   0.22   0.40   5.41  23.19  58.84 
	 ------ Epoch: 41 ------ 
----------------- Epoch scores summary ------------------------- 
[epoch 41], [val loss 0.20790], [acc 76.26], [mean_IoU 65.78] 
---------------------------------------------------------------- 
	 Epoch step finished: 64s 
 97.14   0.69   0.00   0.00   0.00   2.17   0.00   0.00   0.00   0.00   0.00 
  0.69  91.88   0.03   0.01   2.81   1.21   0.30   0.73   0.38   1.79   0.17 
  0.00  47.52   2.59   0.00   5.00  23.60   2.99  15.59   0.51   1.96   0.24 
  0.00   0.03   0.00  97.54   1.44   0.00   0.00   0.00   0.13   0.15   0.70 
  0.00   0.65   0.00   2.30  95.82   0.00   0.00   0.00   0.08   0.97   0.17 
  1.25   0.38   0.09   0.00   0.00  96.78   0.38   1.11   0.01   0.00   0.00 
  0.06  30.54   1.04   0.00   0.00  13.91  53.62   0.60   0.23   0.00   0.00 
  0.00  13.70   0.58   0.01   0.01  12.54   0.91  69.81   1.37   0.95   0.12 
  0.00   0.60   0.00   3.97   0.20   0.02   0.02   0.03  92.36   0.24   2.57 
  0.00   9.51   0.57   0.12   5.77   0.07   0.35   4.31   2.94  74.48   1.87 
  0.07   1.43   0.10   5.95   0.54   0.00   0.21   0.22   2.81  21.75  66.92 
	 ------ Epoch: 42 ------ 
----------------- Epoch scores summary ------------------------- 
[epoch 42], [val loss 0.21685], [acc 73.30], [mean_IoU 64.04] 
---------------------------------------------------------------- 
	 Epoch step finished: 63s 
	 ------ Epoch: 43 ------ 
----------------- Epoch scores summary ------------------------- 
[epoch 43], [val loss 0.21104], [acc 76.30], [mean_IoU 65.62] 
---------------------------------------------------------------- 
	 Epoch step finished: 63s 
	 ------ Epoch: 44 ------ 
----------------- Epoch scores summary ------------------------- 
[epoch 44], [val loss 0.20374], [acc 76.11], [mean_IoU 66.59] 
---------------------------------------------------------------- 
	 Epoch step finished: 64s 
 96.33   1.07   0.00   0.00   0.00   2.59   0.00   0.00   0.00   0.00   0.00 
  0.48  92.88   0.02   0.01   2.03   1.57   0.35   0.77   0.23   1.50   0.17 
  0.00  48.02   2.42   0.00   3.39  26.54   2.12  15.89   0.37   1.03   0.23 
  0.00   0.04   0.01  97.55   1.48   0.00   0.00   0.00   0.13   0.13   0.66 
  0.00   1.54   0.02   1.96  95.38   0.00   0.00   0.00   0.07   0.86   0.19 
  1.06   0.20   0.07   0.00   0.00  97.46   0.31   0.91   0.01   0.00   0.00 
  0.03  26.83   0.90   0.00   0.00  15.20  56.58   0.37   0.09   0.00   0.00 
  0.00  10.49   0.54   0.01   0.00  19.95   0.74  66.94   0.89   0.39   0.05 
  0.00   1.23   0.00   3.64   0.23   0.05   0.05   0.07  91.78   0.26   2.69 
